Time,Phase,Altitude,Horizontal speed,Vertical speed,Surface distance,Pad distance,Pad bearing,Rel lat,Rel lng,RCS STAB,RCS FORE,Throttle,Rem prop,
2251922637.23817,Coast,57,340,-820,18,59.6,-0.9,-37.819607,175.058328,0,0,0,8.14,
2251922637.31817,Coast,57,340,-821,17.96,59.51,-0.9,-37.759059,174.731454,0,0,0,8.14,
2251922637.41817,Coast,57,340,-822,17.94,59.44,-0.9,-37.683373,174.469967,0,0,0,8.14,
2251922637.49817,Coast,57,340,-823,17.91,59.35,-0.9,-37.622825,174.208487,0,0,0,8.14,
2251922637.59817,Coast,57,340,-824,17.88,59.28,-0.91,-37.547139,173.881647,0,0,0,8.14,
2251922637.67817,Coast,56,340,-824,17.85,59.21,-0.91,-37.48659,173.620187,0,0,0,8.14,
2251922637.75817,Coast,56,340,-825,17.82,59.12,-0.91,-37.42604,173.29337,0,0,0,8.14,
2251922637.85817,Coast,56,340,-826,17.79,59.05,-0.91,-37.350352,173.031928,0,0,0,8.14,
2251922637.93817,Coast,56,340,-827,17.76,58.96,-0.92,-37.2898,172.770496,0,0,0,8.14,
2251922638.03817,Coast,56,340,-828,17.73,58.88,-0.92,-37.21411,172.443712,0,0,0,8.14,
2251922638.11817,Coast,56,340,-829,17.7,58.8,-0.92,-37.153556,172.182296,0,0,0,8.14,
2251922638.19817,Coast,56,340,-830,17.67,58.72,-0.93,-37.077862,171.855539,0,0,0,8.14,
2251922638.29817,Coast,56,340,-830,17.64,58.65,-0.93,-37.017306,171.594139,0,0,0,8.14,
2251922638.37817,Coast,56,340,-831,17.61,58.56,-0.93,-36.956748,171.267403,0,0,0,8.14,
2251922638.47817,Coast,56,340,-832,17.58,58.49,-0.93,-36.881048,171.006021,0,0,0,8.14,
2251922638.55817,Coast,56,340,-833,17.55,58.4,-0.94,-36.820487,170.744645,0,0,0,8.14,
2251922638.65817,Coast,56,340,-834,17.52,58.33,-0.94,-36.744783,170.41794,0,0,0,8.14,
2251922638.73817,Coast,56,340,-834,17.49,58.26,-0.94,-36.684217,170.156581,0,0,0,8.14,
2251922638.81817,Coast,56,340,-835,17.46,58.17,-0.95,-36.62365,169.829893,0,0,0,8.14,
2251922638.91817,Coast,55,340,-836,17.43,58.1,-0.95,-36.547939,169.568551,0,0,0,8.14,
2251922638.99817,Coast,55,340,-837,17.4,58.01,-0.95,-36.487367,169.307216,0,0,0,8.14,
2251922639.09817,Coast,55,340,-838,17.37,57.93,-0.96,-36.411649,168.980557,0,0,0,8.14,
2251922639.17817,Coast,55,340,-839,17.34,57.84,-0.96,-36.351072,168.719238,0,0,0,8.14,
2251922639.25817,Coast,55,340,-839,17.31,57.77,-0.96,-36.275349,168.392598,0,0,0,8.14,
2251922639.35817,Coast,55,340,-840,17.28,57.7,-0.97,-36.214767,168.131294,0,0,0,8.14,
2251922639.43817,Coast,55,340,-841,17.25,57.61,-0.97,-36.154182,167.804673,0,0,0,8.14,
2251922639.53817,Coast,55,340,-842,17.22,57.54,-0.97,-36.078448,167.543386,0,0,0,8.14,
2251922639.61817,Coast,55,340,-843,17.2,57.45,-0.98,-36.017858,167.282104,0,0,0,8.14,
2251922639.71817,Coast,55,340,-844,17.16,57.37,-0.98,-35.942117,166.955509,0,0,0,8.14,
2251922639.79817,Coast,55,340,-844,17.14,57.3,-0.98,-35.881521,166.694243,0,0,0,8.14,
2251922639.87817,Coast,55,340,-845,17.1,57.21,-0.98,-35.820922,166.367669,0,0,0,8.14,
2251922639.97817,Coast,55,340,-846,17.07,57.14,-0.99,-35.745169,166.106414,0,0,0,8.14,
2251922640.05817,Coast,55,340,-847,17.04,57.05,-0.99,-35.684563,165.84517,0,0,0,8.14,
2251922640.15817,Coast,54,340,-848,17.01,56.97,-0.99,-35.608802,165.518619,0,0,0,8.14,
2251922640.23817,Coast,54,340,-848,16.99,56.88,-1,-35.54819,165.257388,0,0,0,8.14,
2251922640.31817,Coast,54,340,-849,16.95,56.81,-1,-35.472419,164.930858,0,0,0,8.14,
2251922640.41817,Coast,54,340,-850,16.93,56.74,-1.01,-35.411799,164.669638,0,0,0,8.14,
2251922640.49817,Coast,54,340,-851,16.89,56.65,-1.01,-35.351176,164.343127,0,0,0,8.14,
2251922640.59817,Coast,54,340,-852,16.87,56.57,-1.01,-35.275392,164.081923,0,0,0,8.14,
2251922640.67817,Coast,54,340,-853,16.85,56.48,-1.02,-35.21476,163.820724,0,0,0,8.14,
2251922640.77817,Coast,54,340,-853,16.8,56.41,-1.02,-35.138966,163.494238,0,0,0,8.14,
2251922640.85817,Coast,54,340,-854,16.78,56.33,-1.02,-35.078327,163.233055,0,0,0,8.14,
2251922640.93817,Coast,54,340,-855,16.74,56.24,-1.03,-35.017684,162.906585,0,0,0,8.14,
2251922641.03817,Coast,54,340,-856,16.72,56.17,-1.03,-34.941875,162.645417,0,0,0,8.14,
2251922641.11817,Coast,54,340,-857,16.68,56.08,-1.03,-34.881224,162.384254,0,0,0,8.14,
2251922641.21817,Coast,54,340,-858,16.66,56,-1.04,-34.805405,162.05781,0,0,0,8.14,
2251922641.29817,Coast,53,340,-858,16.63,55.91,-1.04,-34.744745,161.796661,0,0,0,8.14,
2251922641.37817,Coast,53,340,-859,16.6,55.84,-1.04,-34.668915,161.470233,0,0,0,8.14,
2251922641.47817,Coast,53,340,-860,16.57,55.76,-1.05,-34.608247,161.209097,0,0,0,8.14,
2251922641.55817,Coast,53,340,-861,16.54,55.67,-1.05,-34.547575,160.882684,0,0,0,8.14,
2251922641.65817,Coast,53,340,-862,16.51,55.6,-1.05,-34.47173,160.621562,0,0,0,8.14,
2251922641.73817,Coast,53,340,-862,16.48,55.51,-1.06,-34.41105,160.360444,0,0,0,8.14,
2251922641.83817,Coast,53,340,-863,16.45,55.43,-1.06,-34.335194,160.034052,0,0,0,8.14,
2251922641.91817,Coast,53,340,-864,16.42,55.36,-1.06,-34.274506,159.772947,0,0,0,8.14,
2251922641.99817,Coast,53,340,-865,16.39,55.27,-1.07,-34.19864,159.44657,0,0,0,8.14,
2251922642.09817,Coast,53,340,-866,16.36,55.19,-1.07,-34.137943,159.185471,0,0,0,8.14,
2251922642.17817,Coast,53,340,-866,16.33,55.1,-1.07,-34.077243,158.92438,0,0,0,8.14,
2251922642.27817,Coast,53,340,-867,16.3,55.02,-1.08,-34.001363,158.598018,0,0,0,8.14,
2251922642.35817,Coast,53,340,-868,16.27,54.93,-1.08,-33.940655,158.336933,0,0,0,8.14,
2251922642.43817,Coast,52,340,-869,16.24,54.86,-1.08,-33.864765,158.010584,0,0,0,8.14,
2251922642.53817,Coast,52,340,-870,16.21,54.78,-1.09,-33.80405,157.749505,0,0,0,8.14,
2251922642.61817,Coast,52,340,-871,16.18,54.69,-1.09,-33.743332,157.423166,0,0,0,8.14,
2251922642.71817,Coast,52,340,-871,16.15,54.61,-1.09,-33.66743,157.162095,0,0,0,8.14,
2251922642.79817,Coast,52,340,-872,16.12,54.52,-1.1,-33.606705,156.901026,0,0,0,8.14,
2251922642.89817,Coast,52,340,-873,16.09,54.45,-1.1,-33.530794,156.574697,0,0,0,8.14,
2251922642.97817,Coast,52,340,-874,16.06,54.37,-1.1,-33.470062,156.313635,0,0,0,8.14,
2251922643.05817,Coast,52,340,-875,16.03,54.28,-1.11,-33.394143,155.987312,0,0,0,8.14,
2251922643.15817,Coast,52,340,-876,16,54.2,-1.11,-33.333404,155.726255,0,0,0,8.14,
2251922643.23817,Coast,52,340,-876,15.97,54.11,-1.11,-33.272663,155.465201,0,0,0,8.14,
2251922643.33817,Coast,52,340,-877,15.94,54.03,-1.12,-33.196731,155.138886,0,0,0,8.14,
2251922643.41817,Coast,52,340,-878,15.92,53.94,-1.12,-33.135983,154.877837,0,0,0,8.14,
2251922643.49817,Coast,52,340,-879,15.88,53.87,-1.12,-33.060045,154.551527,0,0,0,8.14,
2251922643.59817,Coast,51,340,-880,15.85,53.79,-1.13,-32.999291,154.290484,0,0,0,8.14,
2251922643.67817,Coast,51,340,-881,15.82,53.7,-1.13,-32.938535,153.964179,0,0,0,8.14,
2251922643.77816,Coast,51,340,-881,15.79,53.62,-1.13,-32.862587,153.703141,0,0,0,8.14,
2251922643.85816,Coast,51,340,-882,15.77,53.53,-1.13,-32.801826,153.442102,0,0,0,8.14,
2251922643.95816,Coast,51,340,-883,15.73,53.45,-1.14,-32.725872,153.115804,0,0,0,8.14,
2251922644.03816,Coast,51,340,-884,15.71,53.38,-1.14,-32.665107,152.854771,0,0,0,8.14,
2251922644.11816,Coast,51,340,-885,15.67,53.28,-1.14,-32.589148,152.528478,0,0,0,8.14,
2251922644.21816,Coast,51,340,-885,15.65,53.21,-1.15,-32.52838,152.267443,0,0,0,8.14,
2251922644.29816,Coast,51,340,-886,15.61,53.11,-1.15,-32.467611,152.006414,0,0,0,8.14,
2251922644.39816,Coast,51,340,-887,15.59,53.04,-1.15,-32.391647,151.680124,0,0,0,8.14,
2251922644.47816,Coast,51,340,-888,15.56,52.94,-1.15,-32.330875,151.419092,0,0,0,8.14,
2251922644.55816,Coast,51,340,-889,15.52,52.86,-1.16,-32.254909,151.092805,0,0,0,8.14,
2251922644.65816,Coast,51,340,-889,15.5,52.79,-1.16,-32.194136,150.831773,0,0,0,8.14,
2251922644.73816,Coast,50,340,-890,15.46,52.69,-1.16,-32.133363,150.505486,0,0,0,8.14,
2251922644.83816,Coast,50,340,-891,15.44,52.62,-1.16,-32.057397,150.244455,0,0,0,8.14,
2251922644.91816,Coast,50,340,-892,15.41,52.52,-1.16,-31.996624,149.983423,0,0,0,8.14,
2251922645.01816,Coast,50,340,-893,15.38,52.45,-1.17,-31.920658,149.657137,0,0,0,8.14,
2251922645.09816,Coast,50,340,-893,15.35,52.37,-1.17,-31.859887,149.396106,0,0,0,8.14,
2251922645.17816,Coast,50,340,-894,15.32,52.27,-1.17,-31.783923,149.069817,0,0,0,8.14,
2251922645.27816,Coast,50,340,-895,15.29,52.2,-1.17,-31.723154,148.808784,0,0,0,8.14,
2251922645.35816,Coast,50,340,-896,15.26,52.1,-1.17,-31.662386,148.54775,0,0,0,8.14,
2251922645.45816,Coast,50,340,-897,15.23,52.03,-1.18,-31.586427,148.221457,0,0,0,8.14,
2251922645.53816,Coast,50,340,-897,15.2,51.93,-1.18,-31.525663,147.960422,0,0,0,8.14,
2251922645.61816,Coast,50,340,-898,15.17,51.85,-1.18,-31.44971,147.634125,0,0,0,8.14,
2251922645.71816,Coast,50,340,-899,15.14,51.78,-1.18,-31.388951,147.373091,0,0,0,8.14,
2251922645.79816,Coast,49,340,-900,15.11,51.68,-1.18,-31.328194,147.046792,0,0,0,8.14,
2251922645.89816,Coast,49,340,-901,15.08,51.6,-1.18,-31.252253,146.785757,0,0,0,8.14,
2251922645.97816,Coast,49,340,-901,15.05,51.51,-1.19,-31.191503,146.524719,0,0,0,8.14,
2251922646.07816,Coast,49,340,-902,15.02,51.43,-1.19,-31.115572,146.198419,0,0,0,8.14,
2251922646.15816,Coast,49,340,-903,14.99,51.35,-1.19,-31.054831,145.937381,0,0,0,8.14,
2251922646.23816,Coast,49,340,-904,14.96,51.26,-1.19,-30.978911,145.611082,0,0,0,8.14,
2251922646.33816,Coast,49,339,-905,14.93,51.18,-1.19,-30.91818,145.35004,0,0,0,8.14,
2251922646.41816,Coast,49,339,-905,14.9,51.08,-1.19,-30.857454,145.089002,0,0,0,8.14,
2251922646.51816,Coast,49,339,-906,14.87,51.01,-1.19,-30.781554,144.7627,0,0,0,8.14,
2251922646.59816,Coast,49,339,-907,14.84,50.91,-1.19,-30.720839,144.501655,0,0,0,8.14,
2251922646.67816,Coast,49,339,-908,14.81,50.83,-1.19,-30.644954,144.175353,0,0,0,8.14,
2251922646.77816,Coast,49,339,-909,14.78,50.76,-1.19,-30.584253,143.914307,0,0,0,8.14,
2251922646.85816,Coast,49,339,-909,14.75,50.66,-1.2,-30.523558,143.588003,0,0,0,8.14,
2251922646.95816,Coast,48,339,-910,14.72,50.58,-1.2,-30.447699,143.326958,0,0,0,8.14,
2251922647.03816,Coast,48,339,-911,14.7,50.48,-1.2,-30.387019,143.065911,0,0,0,8.14,
2251922647.13816,Coast,48,339,-912,14.66,50.41,-1.2,-30.31118,142.739607,0,0,0,8.14,
2251922647.21816,Coast,48,339,-913,14.64,50.33,-1.2,-30.250517,142.478561,0,0,0,8.14,
2251922647.29816,Coast,48,339,-913,14.6,50.23,-1.2,-30.174701,142.152255,0,0,0,8.14,
2251922647.39816,Coast,48,339,-914,14.58,50.15,-1.2,-30.114057,141.891209,0,0,0,8.14,
2251922647.47816,Coast,48,339,-915,14.54,50.06,-1.2,-30.053422,141.630164,0,0,0,8.14,
2251922647.57816,Coast,48,339,-916,14.51,49.98,-1.2,-29.977642,141.303857,0,0,0,8.14,
2251922647.65816,Coast,48,339,-916,14.49,49.88,-1.2,-29.917029,141.042812,0,0,0,8.14,
2251922647.73816,Coast,48,339,-917,14.45,49.8,-1.2,-29.841278,140.716505,0,0,0,8.14,
2251922647.83816,Coast,48,339,-918,14.43,49.72,-1.2,-29.780688,140.455464,0,0,0,8.14,
2251922647.91816,Coast,48,339,-919,14.39,49.63,-1.19,-29.72011,140.129161,0,0,0,8.14,
2251922648.01816,Coast,47,339,-920,14.37,49.55,-1.19,-29.644404,139.868122,0,0,0,8.14,
2251922648.09816,Coast,47,339,-920,14.34,49.45,-1.19,-29.583852,139.607087,0,0,0,8.14,
2251922648.19816,Coast,47,339,-921,14.31,49.37,-1.19,-29.50818,139.280793,0,0,0,8.14,
2251922648.27816,Coast,47,339,-922,14.28,49.27,-1.19,-29.447656,139.019764,0,0,0,8.14,
2251922648.35816,Coast,47,339,-923,14.25,49.2,-1.19,-29.37202,138.693477,0,0,0,8.14,
2251922648.45816,Coast,47,339,-924,14.22,49.12,-1.19,-29.311526,138.43245,0,0,0,8.14,
2251922648.53816,Coast,47,339,-924,14.18,49.02,-1.19,-29.251046,138.106173,0,0,0,8.14,
2251922648.63816,Coast,47,339,-925,14.16,48.94,-1.19,-29.175465,137.845154,0,0,0,8.14,
2251922648.71816,Coast,47,339,-926,14.13,48.84,-1.19,-29.115017,137.584135,0,0,0,8.14,
2251922648.79816,Coast,47,339,-927,14.1,48.76,-1.19,-29.039477,137.257872,0,0,0,8.14,
2251922648.89816,Coast,47,339,-927,14.07,48.68,-1.18,-28.979062,136.996865,0,0,0,8.14,
2251922648.97816,Coast,47,339,-928,14.04,48.59,-1.18,-28.918662,136.670612,0,0,0,8.14,
2251922649.07816,Coast,46,339,-929,14.01,48.51,-1.18,-28.843184,136.409616,0,0,0,8.14,
2251922649.15816,Coast,46,339,-930,13.98,48.41,-1.18,-28.78282,136.148623,0,0,0,8.14,
2251922649.25816,Coast,46,339,-931,13.95,48.33,-1.18,-28.707389,135.822395,0,0,0,8.14,
2251922649.33816,Coast,46,339,-931,13.92,48.23,-1.18,-28.647063,135.561417,0,0,0,8.14,
2251922649.41816,Coast,46,339,-932,13.89,48.15,-1.17,-28.571681,135.235204,0,0,0,8.14,
2251922649.51816,Coast,46,339,-933,13.86,48.07,-1.17,-28.511395,134.974241,0,0,0,8.14,
2251922649.59816,Coast,46,339,-934,13.83,47.97,-1.17,-28.451129,134.648046,0,0,0,8.14,
2251922649.69816,Coast,46,339,-935,13.8,47.89,-1.17,-28.375822,134.387101,0,0,0,8.14,
2251922649.77816,Coast,46,339,-935,13.77,47.79,-1.17,-28.315599,134.126163,0,0,0,8.14,
2251922649.85816,Coast,46,339,-936,13.74,47.71,-1.16,-28.240348,133.800001,0,0,0,8.14,
2251922649.95816,Coast,46,339,-937,13.71,47.63,-1.16,-28.18017,133.539086,0,0,0,8.14,
2251922650.03816,Coast,46,339,-938,13.68,47.53,-1.16,-28.120013,133.212952,0,0,0,8.14,
2251922650.13816,Coast,46,339,-938,13.65,47.46,-1.16,-28.044846,132.952059,0,0,0,8.14,
2251922650.21816,Coast,45,339,-939,13.62,47.36,-1.15,-27.984736,132.691178,0,0,0,8.14,
2251922650.31816,Coast,45,339,-940,13.59,47.28,-1.15,-27.909629,132.365091,0,0,0,8.14,
2251922650.39816,Coast,45,339,-941,13.57,47.18,-1.15,-27.849569,132.104237,0,0,0,8.14,
2251922650.47816,Coast,45,339,-941,13.53,47.1,-1.14,-27.774524,131.778184,0,0,0,8.14,
2251922650.57816,Coast,45,339,-942,13.5,47.02,-1.14,-27.714514,131.517355,0,0,0,8.14,
2251922650.65816,Coast,45,339,-943,13.47,46.92,-1.14,-27.654526,131.191342,0,0,0,8.14,
2251922650.75816,Coast,45,339,-944,13.44,46.84,-1.14,-27.579573,130.930546,0,0,0,8.14,
2251922650.83816,Coast,45,339,-944,13.42,46.74,-1.13,-27.519637,130.669763,0,0,0,8.14,
2251922650.93816,Coast,45,339,-945,13.38,46.66,-1.13,-27.44475,130.343811,0,0,0,8.14,
2251922651.01816,Coast,45,339,-946,13.36,46.58,-1.13,-27.384867,130.083066,0,0,0,8.14,
2251922651.09816,Coast,45,339,-947,13.32,46.48,-1.12,-27.325007,129.75716,0,0,0,8.14,
2251922651.19816,Coast,45,339,-947,13.3,46.39,-1.12,-27.250217,129.496455,0,0,0,8.14,
2251922651.27816,Coast,44,339,-948,13.26,46.29,-1.12,-27.190413,129.235766,0,0,0,8.14,
2251922651.37816,Coast,44,339,-949,13.24,46.21,-1.12,-27.115693,128.909937,0,0,0,8.14,
2251922651.45816,Coast,44,339,-950,13.21,46.11,-1.11,-27.055946,128.649294,0,0,0,8.14,
2251922651.53816,Coast,44,338,-950,13.18,46.03,-1.11,-26.9813,128.323519,0,0,0,8.14,
2251922651.63816,Coast,44,338,-951,13.15,45.95,-1.11,-26.921612,128.062923,0,0,0,8.14,
2251922651.71816,Coast,44,338,-952,13.12,45.85,-1.1,-26.861951,127.737208,0,0,0,8.14,
2251922651.81816,Coast,44,338,-953,13.09,45.77,-1.1,-26.787413,127.476664,0,0,0,8.14,
2251922651.89816,Coast,44,338,-953,13.06,45.67,-1.1,-26.727813,127.216143,0,0,0,8.14,
